yakhyd$type yumw04.out
                    UNITED STATES DEPARTMENT OF THE INTERIOR   BUREAU OF RECLAMATION                 PAGE 1 OF
2

                                  STATE OF WASHINGTON   YAKIMA PROJECT                              4-OCT-2004
  13:27:56

                                        YAKIMA RIVER AT CLE ELUM                                     YUMWGD
  WY04

LATITUDE  47-11-33  LONGITUDE 120-56-48     T20N R15E S27                                            RT   02199

GAGE HEIGHT IN FEET   DISCHARGE IN CFS (MEAN VALUES)

DAY         OCT              NOV              DEC              JAN              FEB              MAR

  1    4.90    493.     4.98    511.     5.64   1095.     4.93    537.     5.90   1469.     5.10    577.
  2    4.90    492.     4.98    507.     5.43    890.     4.92    530.     5.74   1305.     5.11    582.
  3    4.90    491.     4.98    503.     5.36    827.     4.92    532.     5.48   1041.     5.12    587.
  4    4.90    490.     4.97    492.     5.29    765.     4.92    534.     5.41    967.     5.17    625.
  5    4.91    496.     4.96    481.     5.26    743.     4.91    527.     5.34    893.     5.23    673.

  6    4.90    488.     4.95    471.     5.23    720.     4.92    537.     5.30    849.     5.22    660.
  7    4.91    494.     4.94    460.     5.19    689.     4.93    547.     5.27    817.     5.21    648.
  8    4.91    493.     4.94    456.     5.15    658.     5.03    631.     5.23    775.     5.29    715.
  9    4.92    499.     4.94    453.     5.12    638.     4.99    599.     5.20    743.     5.49    901.
 10    4.93    506.     4.94    449.     5.12    642.     4.95    568.     5.18    721.     5.87   1277.

 11    4.93    505.     5.18    633.     5.09    621.     4.92    545.     5.15    691.     5.86   1262.
 12    4.95    519.     5.24    680.     5.10    634.     4.91    539.     5.13    669.     5.85   1248.
 13    4.95    518.     5.10    557.     5.10    639.     4.91    541.     5.12    657.     5.83   1223.
 14    4.92    494.     5.04    505.     5.08    626.     4.91    543.     5.12    653.     5.80   1189.
 15    4.93    500.     4.98    459.     5.07    623.     4.97    593.     5.10    633.     5.82   1204.

 16    5.04    587.     4.98    455.     5.04    599.     5.07    681.     5.10    629.     5.83   1210.
 17    5.07    612.     5.18    606.     5.03    592.     5.01    631.     5.09    617.     5.90   1280.
 18    5.05    593.     5.70   1095.     5.01    577.     4.99    615.     5.08    605.     5.94   1320.
 19    4.99    543.     6.16   1550.     5.00    571.     4.99    617.     5.08    602.     5.91   1290.
 20    5.03    574.     5.96   1355.     5.00    572.     4.99    619.     5.09    606.     5.84   1220.

 21    5.14    666.     5.64   1041.     4.99    566.     4.98    612.     5.08    594.     5.79   1170.
 22    5.16    683.     5.38    789.     4.99    568.     4.97    605.     5.07    582.     5.74   1120.
 23    5.05    587.     5.29    711.     4.98    561.     5.00    628.     5.06    570.     5.85   1230.
 24    4.95    506.     5.25    680.     4.98    563.     5.01    633.     5.06    567.     5.93   1310.
 25    4.94    497.     5.20    641.     4.98    565.     5.00    621.     5.09    588.     5.91   1290.

 26    4.93    489.     5.18    629.     4.97    559.     5.00    617.     5.10    592.     5.83   1210.
 27    4.91    474.     5.13    591.     4.96    552.     5.02    631.     5.10    588.     5.81   1190.
 28    4.92    480.     5.14    604.     4.97    562.     5.10    697.     5.09    576.     5.78   1160.
 29    4.97    516.     5.65   1094.     4.95    548.     5.51   1091.     5.10    581.     5.77   1150.
 30    4.98    520.     5.88   1329.     4.94    541.     6.15   1727.                      5.79   1170.
 31    4.98    516.                      4.93    535.     6.04   1613.                      5.79   1170.

TOTAL        16321.           20787.           19841.           20941.           21180.           32861.
 MEAN          526.             693.             640.             676.             730.            1060.
 MAX.          683.            1550.            1095.            1727.            1469.            1320.
 MIN.          474.             449.             535.             527.             567.             577.
AC-FT        32373.           41231.           39355.           41536.           42011.           65180.























                    UNITED STATES DEPARTMENT OF THE INTERIOR   BUREAU OF RECLAMATION                 PAGE 2 OF
2

                                  STATE OF WASHINGTON   YAKIMA PROJECT                              4-OCT-2004
  13:27:56

                                        YAKIMA RIVER AT CLE ELUM                                     YUMWGD
  WY04

LATITUDE  47-11-33  LONGITUDE 120-56-48     T20N R15E S27                                            RT   02199

GAGE HEIGHT IN FEET   DISCHARGE IN CFS (MEAN VALUES)

DAY         APR              MAY              JUN              JUL              AUG              SEP

  1    5.82   1200.     5.31    795.     5.22    998.     6.88   3519.     7.15   4024.     6.37   2521.
  2    5.82   1200.     5.36    848.     5.43   1220.     6.89   3538.     7.16   4042.     6.32   2406.
  3    5.81   1190.     5.40    894.     5.80   1603.     6.89   3537.     7.15   4015.     6.25   2274.
  4    5.85   1230.     5.39    890.     5.92   1735.     6.89   3536.     7.14   3988.     6.18   2151.
  5    5.90   1280.     5.35    856.     5.83   1657.     6.90   3555.     7.11   3918.     6.11   2039.

  6    5.90   1280.     5.28    795.     5.75   1589.     6.91   3574.     7.08   3847.     6.05   1947.
  7    5.93   1310.     5.23    753.     5.49   1341.     6.92   3593.     7.02   3715.     5.95   1814.
  8    5.97   1350.     5.22    750.     5.30   1163.     6.92   3592.     6.96   3585.     5.73   1561.
  9    5.99   1370.     5.21    746.     5.29   1165.     6.92   3591.     6.93   3521.     5.45   1249.
 10    5.99   1370.     5.18    724.     5.30   1187.     6.92   3590.     6.92   3497.     5.24   1006.

 11    6.01   1390.     5.15    703.     5.30   1200.     6.93   3610.     6.90   3452.     5.13    863.
 12    6.08   1460.     5.18    735.     5.35   1262.     6.96   3672.     6.89   3428.     5.02    729.
 13    6.14   1520.     5.20    759.     5.75   1674.     6.98   3713.     6.87   3385.     5.00    681.
 14    6.12   1500.     5.18    746.     5.79   1726.     7.03   3817.     6.85   3343.     5.03    679.
 15    6.05   1436.     5.16    739.     5.83   1778.     7.06   3882.     6.83   3301.     5.04    659.

 16    5.96   1352.     5.19    778.     5.97   1930.     7.09   3947.     6.81   3260.     5.01    606.
 17    5.71   1108.     5.21    809.     6.11   2086.     7.11   3990.     6.79   3218.     4.99    588.
 18    5.41    816.     5.21    820.     6.18   2177.     7.11   3989.     6.77   3178.     4.95    556.
 19    5.32    737.     5.20    822.     6.25   2276.     7.10   3966.     6.75   3138.     4.95    556.
 20    5.28    706.     5.21    843.     6.31   2369.     7.06   3877.     6.72   3084.     4.94    548.

 21    5.25    685.     5.20    845.     6.37   2467.     7.00   3747.     6.71   3066.     4.93    540.
 22    5.21    655.     5.20    857.     6.46   2614.     6.98   3701.     6.70   3048.     4.94    548.
 23    5.22    669.     5.20    869.     6.56   2788.     7.02   3780.     6.67   2996.     4.93    540.
 24    5.23    683.     5.18    861.     6.61   2889.     7.06   3862.     6.65   2962.     4.91    524.
 25    5.23    688.     5.12    815.     6.65   2978.     7.07   3880.     6.59   2860.     4.89    508.

 26    5.22    685.     5.14    846.     6.66   3016.     7.08   3897.     6.53   2764.     4.87    493.
 27    5.32    782.     5.19    908.     6.68   3073.     7.10   3937.     6.50   2716.     4.87    493.
 28    5.45    914.     5.19    920.     6.74   3202.     7.13   3998.     6.49   2700.     4.87    493.
 29    5.39    860.     5.22    962.     6.83   3395.     7.12   3972.     6.47   2670.     4.86    486.
 30    5.32    799.     5.26   1014.     6.87   3499.     7.11   3945.     6.45   2640.     4.85    479.
 31                     5.29   1056.                      7.13   3984.     6.42   2594.

TOTAL        32225.           25758.           62057.          116791.          101955.           30537.
   501254.
 MEAN         1074.             831.            2069.            3767.            3289.            1018.
     1370.
 MAX.         1520.            1056.            3499.            3998.            4042.            2521.
     4042.
 MIN.          655.             703.             998.            3519.            2594.             479.
      449.
AC-FT        63918.           51091.          123090.          231655.          202228.           60570.
   994237.

MAX DISCH   4042. CFS ON AUG.  2     GAGE HEIGHT   7.16 FT.
MIN DISCH    449. CFS ON NOV. 10     GAGE HEIGHT   4.94 FT.







                                  STATE OF WASHINGTON   YAKIMA PROJECT                              4-OCT-2004
  13:27:56

                                  STATE OF WASHINGTON   YAKIMA PROJECT                              4-OCT-2004
  13:27:56

                                  STATE OF WASHINGTON   YAKIMA PROJECT                              4-OCT-2004
