#########################################################################
NOTE: These data are furnished with the understanding that the Corps of
      Engineers makes no warrenties concerning the accuracy, reliability,
      or suitability of the data for any particular purpose.
#########################################################################

Dworshak (DWR) Daily Data

                  Total                    Average                                             
                Station  Average  Average Generatn  Average Midnight  Average  Average  Average
                Service   Inflow  Outflow     Flow    Spill  Forebay  Forebay Tailwatr  Storage
   DATE   TIME     (MW)   (kcfs)   (kcfs)   (kcfs)   (kcfs)     (ft)     (ft)     (ft)    (kaf)
06Jan2013 2400    22.17     2.60     1.60     1.50     0.00  1544.54  1544.47   970.60  2570.63
07Jan2013 2400    25.23     3.00     4.70     4.60     0.00  1544.30  1544.49   973.85  2570.91
08Jan2013 2400    25.59     2.70     5.70     5.60     0.00  1543.87  1544.07   974.89  2564.99
09Jan2013 2400    22.65     2.70     5.70     5.50     0.00  1543.45  1543.63   974.90  2558.78
10Jan2013 2400    19.50     3.80     5.70     5.60     0.00  1543.18  1543.30   974.90  2554.13
11Jan2013 2400    18.64     3.10     5.70     5.60     0.00  1542.81  1542.99   974.90  2549.76
12Jan2013 2400    18.60     1.60     5.70     5.60     0.00  1542.23  1542.55   974.90  2543.55
13Jan2013 2400    18.76     1.80     5.70     5.60     0.00  1541.67  1541.95   974.90  2535.10
14Jan2013 2400    19.50     2.60     5.70     5.60     0.00  1541.22  1541.50   974.90  2528.75
15Jan2013 2400    19.60     1.90     5.80     5.70     0.00  1540.67  1540.96   974.90  2521.14
16Jan2013 2400    19.86     2.40     5.70     5.60     0.00  1540.19  1540.44   974.90  2513.80
17Jan2013 2400    19.73     1.90     5.70     5.60     0.00  1539.65  1539.93   974.90  2506.64
18Jan2013 2400    16.73     1.90     2.40     2.30     0.00  1539.58  1539.61   971.79  2502.26
19Jan2013 2400    16.56     2.10     2.40     2.30     0.00  1539.54  1539.56   971.60  2501.57
20Jan2013 2400    16.55     1.90     2.30     2.20     0.00  1539.48  1539.50   971.60  2500.75
21Jan2013 2400    16.74     1.80     2.40     2.30     0.00  1539.40  1539.43   971.60  2499.79
22Jan2013 2400    17.14     2.00     2.00     1.90     0.00  1539.39  1539.39   971.30  2499.24
23Jan2013 2400    17.17     2.10     2.00     1.90     0.00  1539.40  1539.39   971.15  2499.24
24Jan2013 2400    16.92     2.70     2.00     1.90     0.00  1539.50  1539.44   971.15  2499.93
25Jan2013 2400    16.72     3.40     2.00     1.90     0.00  1539.70  1539.58   971.15  2501.85
26Jan2013 2400    16.64     4.20     2.00     1.90     0.00  1540.00  1539.84   971.15  2505.41
27Jan2013 2400    16.80     3.90     2.00     1.90     0.00  1540.27  1540.14   971.15  2509.57
28Jan2013 2400    17.27     3.40     2.00     1.90     0.00  1540.47  1540.37   971.15  2512.82
29Jan2013 2400    19.24     3.70     4.10     4.00     0.00  1540.42  1540.46   973.37  2514.09
30Jan2013 2400    19.10     3.20     4.10     4.00     0.00  1540.29  1540.35   973.36  2512.54
31Jan2013 2400    18.82     3.30     4.10     4.00     0.00  1540.18  1540.23   973.33  2510.84
01Feb2013 2400    16.00     3.30     1.60     1.50     0.00  1540.42  1540.27   970.65  2511.41
02Feb2013 2400    16.06     3.30     1.60     1.50     0.00  1540.66  1540.54   970.60  2515.21
03Feb2013 2400    15.77     3.50     1.60     1.50     0.00  1540.93  1540.81   970.60  2519.02
04Feb2013 2400    15.05     3.50     1.60     1.50     0.00  1541.19  1541.04   970.60  2522.26
05Feb2013 2400    14.48     3.60     1.60     1.50     0.00  1541.48  1541.33   970.60  2526.35
06Feb2013 2400    15.08     3.50     1.60     1.50     0.00  1541.75  1541.62   970.60  2530.44

