#########################################################################
NOTE: These data are furnished with the understanding that the Corps of
      Engineers makes no warrenties concerning the accuracy, reliability,
      or suitability of the data for any particular purpose.
#########################################################################

Grand Coulee (GCL) and Banks Lake (BNK) Hourly Data

                                                                                  Pump         
                                                                              Genratrs         
                Station          Generatn                               700MW    Power    600MW
                Service  Outflow     Flow    Spill  Forebay Tailwatr    Units     Used    Units
   DATE   TIME     (MW)   (kcfs)   (kcfs)   (kcfs)     (ft)     (ft)  (coded)     (MW)  (coded)
05Feb2013 0500     3.00    47.80    47.80     0.00  1280.20   956.10   111315     0.00   000122
05Feb2013 0600     3.00    75.30    75.30     0.00  1280.10   967.90   131515     0.00   000122
05Feb2013 0700     4.00   141.50   141.50     0.00  1280.00   963.20   131515     0.00   000222
05Feb2013 0800     3.00   166.30   166.30     0.00  1279.90   966.20   131515     0.00   000122
05Feb2013 0900     4.00   157.30   157.30     0.00  1279.90   966.10   131515     0.00   000122
05Feb2013 1000     4.00   138.30   138.30     0.00  1280.00   964.60   131515     0.00   000122
05Feb2013 1100     3.00   115.00   115.00     0.00  1280.10   962.50   131515     0.00   000122
05Feb2013 1200     3.00   101.30   101.30     0.00  1280.20   961.00   131515     0.00   000122
05Feb2013 1300     3.00   101.50   101.50     0.00  1280.10   960.70   131515    29.00   000122
05Feb2013 1400     3.00    76.60    76.60     0.00  1279.90   958.90   131515     0.00   000122
05Feb2013 1500     3.00    76.40    76.40     0.00  1279.90   957.90   131515     0.00   000122
05Feb2013 1600     4.00   100.90   100.90     0.00  1279.90   959.60   131515     0.00   000122
05Feb2013 1700     3.00   110.20   110.20     0.00  1280.00   960.90   131515     0.00   000122
05Feb2013 1800     3.00   135.90   135.90     0.00  1280.10   962.70   141616     0.00   000122
05Feb2013 1900     4.00   167.50   167.50     0.00  1280.00   965.80   141616     0.00   000122
05Feb2013 2000     4.00   161.10   161.10     0.00  1280.00   966.10   141616     0.00   000122
05Feb2013 2100     3.00   121.00   121.00     0.00  1280.10   963.30   141616     0.00   000122
05Feb2013 2200     4.00   115.60   115.60     0.00  1280.10   962.10   141616     0.00   000122
05Feb2013 2300     3.00    77.40    77.40     0.00  1280.10   959.30   141616     0.00   000022
05Feb2013 2400     3.00    56.00    56.00     0.00  1280.30   957.40   091116     0.00   000022
06Feb2013 0100     3.00    39.80    39.80     0.00  1280.30   956.40   070916     0.00   000022
06Feb2013 0200     3.00    35.80    35.80     0.00  1280.20   956.50   081016     0.00   000022
06Feb2013 0300     3.00    35.60    35.60     0.00  1280.30   955.90   061016     0.00   000022
06Feb2013 0400     4.00    29.20    29.20     0.00  1280.40   955.10   051016     0.00   000022
06Feb2013 0500     3.00    35.90    35.90     0.00  1280.40   955.50   111316     0.00   000022
06Feb2013 0600     3.00    66.30    66.30     0.00  1280.40   957.40   111315     0.00   000122
06Feb2013 0700     4.00   147.90   147.90     0.00  1280.30   963.60   111315     0.00   000122
06Feb2013 0800     4.00   169.60   169.60     0.00  1280.30   966.40   111315     0.00   000022
06Feb2013 0900     4.00   141.70   141.70     0.00  1280.30   965.00   111315     0.00   000022
06Feb2013 1000     4.00   135.30   135.30     0.00  1280.40   963.90   111315     0.00   000022
06Feb2013 1100     3.00   115.90   115.90     0.00  1280.50   962.20   081016     0.00   000122
06Feb2013 1200     3.00   125.00   125.00     0.00  1280.50   962.40   121416     0.00   000122
06Feb2013 1300     3.00   118.10   118.10     0.00  1280.40   962.10   141616     0.00   000122
06Feb2013 1400     3.00   118.00   118.00     0.00  1280.30   962.10   141616     0.00   000122
06Feb2013 1500     3.00   119.90   119.90     0.00  1280.20   962.10   141616     0.00   000122
06Feb2013 1600     4.00   119.20   119.20     0.00  1280.30   961.90   141616     0.00   000122
06Feb2013 1700     3.00   132.70   132.70     0.00  1280.30   963.10   141616     0.00   000122
06Feb2013 1800     4.00   142.80   142.80     0.00  1280.40   964.20   141616     0.00   000122
06Feb2013 1900     3.00   148.70   148.70     0.00  1280.30   964.90   141616     0.00   000122
06Feb2013 2000     3.00   135.20   135.20     0.00  1280.30   964.10   141616     0.00   000122
06Feb2013 2100     4.00   125.50   125.50     0.00  1280.30   963.00   141616     0.00   000122
06Feb2013 2200     3.00   107.90   107.90     0.00  1280.30   961.50   141616     0.00   000122
06Feb2013 2300     3.00    82.20    82.20     0.00  1280.40   959.10   141616     0.00   000022
06Feb2013 2400     3.00    72.80    72.80     0.00  1280.50   957.80   141616     0.00   000022
07Feb2013 0100     3.00    65.50    65.50     0.00  1280.50   957.60   121416     0.00   000022
07Feb2013 0200     3.00    50.90    50.90     0.00  1280.60   956.70   111316     0.00   000022
07Feb2013 0300     3.00    45.50    45.50     0.00  1280.60   956.00   081016     0.00   000022
07Feb2013 0400     3.00    33.30    33.30     0.00  1280.60   955.20   070916     0.00   000022
07Feb2013 0500     3.00    37.80    37.80     0.00  1280.60   955.60   141616     0.00   000022
07Feb2013 0600     3.00    76.30    76.30     0.00  1280.60   958.10   141616     0.00   000022
07Feb2013 0700     3.00   112.80   112.80     0.00  1280.60   961.10   141616     0.00   000122
07Feb2013 0800     3.00   164.60   164.60     0.00  1280.50   965.40   141616     0.00   000122
07Feb2013 0900     4.00   170.00   170.00     0.00  1280.50   966.90   141616     0.00   000122
07Feb2013 1000     3.00   135.10   135.10     0.00  1280.60   964.60   141616     0.00   000022
07Feb2013 1100     3.00   124.10   121.80     2.30  1280.70   962.80   141616     0.00   000022
07Feb2013 1200     3.00   112.50   110.40     2.10  1280.70   961.70   141616     0.00   000022
07Feb2013 1300     3.00   107.40   107.40     0.00  1280.70   961.40   141616     0.00   000022
07Feb2013 1400     3.00    83.90    83.90     0.00  1280.60   959.40   141616     0.00   000022
07Feb2013 1500     4.00    76.40    76.40     0.00  1280.50   958.00   141616     0.00   000122
07Feb2013 1600     3.00    86.60    86.60     0.00  1280.50   958.40   141616     0.00   000122
07Feb2013 1700     3.00   121.80   121.80     0.00  1280.60   961.20   141616     0.00   000122
07Feb2013 1800     3.00   150.40   150.40     0.00  1280.60   964.20   141616     0.00   000122
07Feb2013 1900     4.00   157.30   157.30     0.00  1280.60   965.40   141616     0.00   000122
07Feb2013 2000     4.00   144.20   144.20     0.00  1280.60   964.80   141616     0.00   000122
07Feb2013 2100     4.00   119.30   119.30     0.00  1280.60   962.60   141616     0.00   000122
07Feb2013 2200     3.00   103.70   103.70     0.00  1280.60   960.90   141616     0.00   000122
07Feb2013 2300     3.00    77.10    77.10     0.00  1280.70   958.60   141616     0.00   000022
07Feb2013 2400     3.00    59.40    59.40     0.00  1280.75   956.50   121416     0.00   000022
08Feb2013 0100     3.00    54.70    54.70     0.00  1280.70   956.00   111316     0.00   000022
08Feb2013 0200     3.00    51.30    51.30     0.00  1280.80   956.00   111316     0.00   000022
08Feb2013 0300     4.00    52.50    52.50     0.00  1280.80   955.90   131516     0.00   000022
08Feb2013 0400     3.00    62.90    62.90     0.00  1280.90   956.40   141616     0.00   000122

